0	-0.606825	-0.600525	-0.520705	-2.71173e-06
1	-0.519258	-0.574779	-0.632456	-2.8105e-06
2	-0.62024	-0.479201	-0.621023	-2.43764e-06
3	-0.5	-0.688191	-0.525731	-2.74937e-06
4	-0.702046	-0.501375	-0.505721	-2.12295e-06
5	-0.525731	-0.447214	-0.723607	-3.33328e-06
6	-0.601501	-0.687976	-0.406061	-2.98217e-06
7	-0.386187	-0.671461	-0.632456	-2.70628e-06
8	-0.70231	-0.592161	-0.395103	-2.56215e-06
9	-0.399607	-0.550012	-0.733349	-2.76034e-06
10	-0.711282	-0.36954	-0.597928	-1.19774e-06
11	-0.62024	-0.341154	-0.70634	-2.51234e-06
12	-0.383614	-0.762697	-0.520705	-2.51068e-06
13	-0.46843	-0.784658	-0.406061	-2.24323e-06
14	-0.783843	-0.392638	-0.481067	-1.04447e-06
15	-0.792649	-0.481533	-0.373943	-1.3336e-06
16	-0.688191	-0.67082	-0.276393	-2.18944e-06
17	-0.399607	-0.409955	-0.819909	-3.41005e-06
18	-0.519258	-0.308637	-0.79694	-3.6077e-06
19	-0.262866	-0.638197	-0.723607	-2.40331e-06
20	-0.264083	-0.737964	-0.621023	-2.44021e-06
21	-0.564254	-0.776629	-0.280114	-2.13557e-06
22	-0.783452	-0.565796	-0.257056	-1.33608e-06
23	-0.783843	-0.254686	-0.566326	2.26168e-07
24	-0.702046	-0.228109	-0.674609	-1.26441e-06
25	-0.266405	-0.506732	-0.819909	-2.4438e-06
26	-0.346153	-0.850924	-0.395103	-1.48968e-06
27	-0.259892	-0.822619	-0.505721	-2.19651e-06
28	-0.864929	-0.366292	-0.343115	-6.46509e-08
29	-0.850651	-0.276393	-0.447214	3.8657e-07
30	-0.606825	-0.197169	-0.769992	-3.78619e-06
31	-0.425325	-0.861803	-0.276393	-1.2568e-06
32	-0.862669	-0.449186	-0.232454	1.47759e-07
33	-0.646578	-0.749881	-0.140057	-1.48895e-06
34	-0.386187	-0.265399	-0.883415	-4.74645e-06
35	-0.757936	-0.637147	-0.139919	-5.03483e-07
36	-0.132792	-0.695305	-0.70634	-1.94561e-06
37	-0.131655	-0.790663	-0.597928	-1.68468e-06
38	-0.133071	-0.589218	-0.79694	-2.12882e-06
39	-0.262866	-0.361803	-0.894427	-3.87722e-06
40	-0.5	-0.16246	-0.850651	-5.10775e-06
41	-0.792649	-0.119117	-0.597928	1.6063e-06
42	-0.513376	-0.846658	-0.140057	-2.27608e-06
43	-0.70231	-0.088568	-0.70634	-1.33808e-06
44	-0.213023	-0.902656	-0.373943	-1.55362e-06
45	-0.864929	-0.14308	-0.481067	2.59415e-06
46	-0.843912	-0.523491	-0.117349	9.01511e-07
47	-0.1312	-0.866811	-0.481067	-1.52803e-06
48	-0.296005	-0.919948	-0.257056	-1.25416e-06
49	-0.915043	-0.212056	-0.343115	2.13639e-06
50	-0.133071	-0.449299	-0.883415	-2.68074e-06
51	-0.924305	-0.300325	-0.235512	1.16338e-06
52	-0.601501	-0.0555203	-0.79694	-4.93925e-06
53	-0.371748	-0.917729	-0.139919	-1.98493e-06
54	-0.264083	-0.225432	-0.937785	-5.54926e-06
55	-0.383614	-0.124644	-0.915043	-6.53137e-06
56	-0.916244	-0.383023	-0.11743	1.73036e-06
57	-0.707107	-0.707107	0	-8.5175e-07
58	8.80265e-09	-0.738175	-0.674609	-1.29154e-06
59	7.60871e-09	-0.638054	-0.769992	-1.0561e-06
60	-0.587785	-0.809017	0	-2.7636e-06
61	-0.809017	-0.587785	0	1.15645e-06
62	-0.132792	-0.32082	-0.937785	-2.63887e-06
63	9.82826e-09	-0.824181	-0.566326	-1.03999e-06
64	-0.783452	0.0231142	-0.621023	3.02852e-06
65	6.26928e-09	-0.525731	-0.850651	-1.52954e-06
66	-0.862668	-0.00703143	-0.505721	5.07628e-06
67	-0.924305	-0.0763392	-0.373943	5.55281e-06
68	-0.46843	-0.0122828	-0.883415	-6.75696e-06
69	-0.0810863	-0.935787	-0.343115	-1.18667e-06
70	-0.688191	0.0527864	-0.723607	-8.41115e-07
71	-0.160622	-0.959253	-0.232454	-1.81777e-06
72	-0.453991	-0.891006	0	-3.44472e-06
73	-0.891007	-0.45399	0	2.34918e-06
74	1.06659e-08	-0.894427	-0.447214	-7.99115e-07
75	-0.961938	-0.143665	-0.232454	3.70412e-06
76	-0.237086	-0.964375	-0.117349	-2.16433e-06
77	4.80996e-09	-0.403355	-0.915043	-6.44597e-07
78	-0.966393	-0.228682	-0.11743	2.35197e-06
79	-0.259892	-0.084444	-0.961938	-6.63817e-06
80	-0.131655	-0.181208	-0.974592	-3.19058e-06
81	-0.564254	0.0967772	-0.819909	-4.86406e-06
82	-0.647412	-0.753039	0.11743	-3.08054e-06
83	-0.758652	-0.64084	0.117349	-5.87351e-07
84	0.132792	-0.695305	-0.70634	5.61012e-07
85	-0.309017	-0.951056	0	-2.7595e-06
86	-0.951057	-0.309017	0	2.76998e-06
87	0.131655	-0.790663	-0.597928	2.27655e-07
88	-0.346153	0.0271544	-0.937785	-6.79888e-06
89	0.133071	-0.589218	-0.79694	5.34713e-07
90	-0.516122	-0.848427	0.11743	-4.54346e-06
91	-0.916244	0.0662611	-0.395103	7.84726e-06
92	-0.843911	0.129152	-0.520705	5.48184e-06
93	3.25867e-09	-0.273266	-0.961938	-1.07852e-07
94	-0.757935	0.159793	-0.632456	1.97569e-06
95	-0.966393	-0.0027623	-0.257056	6.98289e-06
96	-0.840178	-0.52395	0.139919	9.53615e-07
97	0.1312	-0.866811	-0.481067	-1.61635e-07
98	-5.28401e-08	-0.971871	-0.235512	-1.62847e-06
99	0.133071	-0.449299	-0.883415	1.59385e-06
100	0.0810863	-0.935787	-0.343115	-8.47574e-07
101	-0.0811419	-0.989761	-0.11743	-2.22475e-06
102	-0.425325	0.138197	-0.894427	-5.6332e-06
103	-0.990439	-0.0725258	-0.117349	3.44345e-06
104	-0.375039	-0.919552	0.117349	-4.37905e-06
105	-0.646578	0.210086	-0.733349	-2.06269e-06
106	-0.1312	-0.0426296	-0.990439	-3.51641e-06
107	-0.912983	-0.383206	0.140057	2.39791e-06
108	-0.156435	-0.987688	0	-1.89725e-06
109	-0.987688	-0.156434	0	2.60263e-06
110	-0.693781	-0.68164	0.232454	-2.82894e-06
111	1.64506e-09	-0.137952	-0.990439	-6.66302e-07
112	0.132792	-0.32082	-0.937785	2.70376e-06
113	-0.571252	-0.78626	0.235512	-5.17111e-06
114	-0.213023	0.0692153	-0.974592	-5.65711e-06
115	0.262866	-0.638197	-0.723607	1.37349e-06
116	0.264083	-0.737964	-0.621023	2.28803e-06
117	-0.891006	0.203031	-0.406061	7.18273e-06
118	-0.780204	-0.570266	0.257056	-7.42146e-07
119	-0.951057	0.138197	-0.276393	8.81288e-06
120	-0.513375	0.253366	-0.819909	-3.84067e-06
121	-0.433889	-0.870463	0.232454	-5.54961e-06
122	-0.809017	0.262866	-0.525731	3.69997e-06
123	0.259892	-0.822619	-0.505721	2.08758e-06
124	0.213023	-0.902656	-0.373943	1.34563e-06
125	0.266405	-0.506732	-0.819909	2.03561e-06
126	-0.238677	-0.960966	0.139919	-2.30118e-06
127	-0.987688	0.0699596	-0.139919	5.59795e-06
128	-0.296005	0.181495	-0.937785	-5.38433e-06
129	-0.963861	-0.226617	0.140057	2.47592e-06
130	0.160622	-0.959253	-0.232454	3.97083e-07
131	0.0811418	-0.989761	-0.11743	-8.27093e-07
132	0.131655	-0.181208	-0.974592	1.0759e-06
133	-0.707107	0.316228	-0.632456	-3.05968e-07
134	-0.850651	-0.447213	0.276393	8.62362e-07
135	-9.40081e-08	-1	0	-8.1093e-07
136	0	0	-1	2.76092e-07
137	-1	3.50347e-08	0	3.19322e-06
138	0.262866	-0.361803	-0.894427	4.21894e-06
139	-0.615642	-0.709406	0.343115	-4.54117e-06
140	-0.371748	0.285273	-0.883415	-4.64899e-06
141	-0.301259	-0.91824	0.257056	-3.15482e-06
142	-0.0810863	0.111606	-0.990439	-1.44785e-06
143	-0.587785	0.361803	-0.723607	-2.93252e-06
144	-0.484442	-0.804729	0.343115	-6.17434e-06
145	-0.702907	-0.605052	0.373943	-2.42255e-06
146	-0.912983	-0.296646	0.280114	2.68652e-06
147	-0.0823237	-0.986715	0.140057	-1.62739e-07
148	0.386187	-0.671461	-0.632456	1.27489e-06
149	-0.987688	-0.0699596	0.139919	2.63473e-06
150	0.1312	-0.0426296	-0.990439	1.72808e-06
151	-0.160622	0.221077	-0.961938	-2.99672e-06
152	0.346153	-0.850924	-0.395103	4.19386e-06
153	0.383614	-0.762697	-0.520705	2.88315e-06
154	0.264083	-0.225432	-0.937785	3.03265e-06
155	-0.912982	0.296646	-0.280115	8.89345e-06
156	-0.758652	0.391553	-0.520705	3.34124e-06
157	-0.840178	0.359465	-0.406061	6.26796e-06
158	0.399607	-0.550012	-0.733349	-5.28232e-07
159	0.296005	-0.919948	-0.257056	4.46041e-06
160	-0.963861	0.226617	-0.140057	7.87181e-06
161	-0.780204	-0.484948	0.395103	-5.04338e-07
162	-0.45399	0.39847	-0.79694	-3.73826e-06
163	0.237086	-0.964375	-0.117349	2.75903e-06
164	-0.358229	-0.855476	0.373943	-4.70866e-06
165	-0.16246	-0.947214	0.276393	-4.20398e-07
166	0.156434	-0.987688	0	2.08137e-06
167	-0.987688	0.156434	0	4.85125e-06
168	0.399607	-0.409955	-0.819909	2.20917e-06
169	-0.647412	0.441802	-0.621023	-7.24095e-07
170	-0.237086	0.326321	-0.915043	-3.70534e-06
171	-0.951056	-0.138197	0.276393	2.54399e-06
172	-0.525731	-0.723607	0.447214	-5.70301e-06
173	-0.990439	0.0725258	0.117349	3.78518e-06
174	0.0810863	0.111606	-0.990439	3.57669e-06
175	-0.840178	-0.359465	0.406061	1.32055e-06
176	0.259892	-0.084444	-0.961938	3.01398e-06
177	0.0823235	-0.986715	0.140057	1.78058e-06
178	0.386187	-0.265399	-0.883415	3.50152e-06
179	-0.615642	-0.624147	0.481067	-4.43043e-06
180	3.01944e-08	0.223986	-0.974592	2.97581e-06
181	-0.516122	0.48446	-0.70634	-3.86686e-06
182	-0.309017	0.425325	-0.850651	-4.06444e-06
183	0.46843	-0.784658	-0.406061	2.10747e-06
184	-0.220117	-0.891876	0.395103	-1.93973e-06
185	0.5	-0.688191	-0.525731	4.89079e-07
186	0.425325	-0.861803	-0.276393	4.08863e-06
187	-0.966393	0.00276239	0.257056	2.59454e-06
188	-0.693781	-0.512752	0.505721	-2.93336e-06
189	-0.403356	-0.778382	0.481067	-5.47842e-06
190	0.213023	0.0692153	-0.974592	4.771e-06
191	-0.780204	0.484949	-0.395103	6.16203e-06
192	0.519258	-0.574779	-0.632456	-1.44476e-06
193	-0.891007	-0.203031	0.406061	2.35921e-06
194	-0.69378	0.512752	-0.505721	2.26356e-06
195	0.371748	-0.917729	-0.139919	3.1802e-06
196	-0.0811418	0.337602	-0.937785	9.87981e-07
197	-1.51018e-07	-0.959967	0.280114	4.53219e-07
198	-0.850651	0.447214	-0.276393	9.27004e-06
199	-0.912982	0.383206	-0.140057	9.82357e-06
200	0.383614	-0.124644	-0.915043	3.11113e-06
201	0.525731	-0.447214	-0.723607	-1.438e-06
202	0.309017	-0.951057	0	2.80007e-06
203	-0.951057	0.309017	0	7.4489e-06
204	-0.758652	-0.391553	0.520705	-1.26728e-06
205	-0.375038	0.516196	-0.769992	-4.25995e-06
206	-0.966393	0.228682	0.11743	5.3244e-06
207	-0.571252	0.562275	-0.597928	-3.21449e-06
208	-0.156434	0.441708	-0.883415	-1.29144e-06
209	-0.916244	-0.066261	0.395103	1.71154e-06
210	-0.0822426	-0.910138	0.406061	-2.03768e-06
211	0.519258	-0.308637	-0.79694	1.84584e-06
212	-0.273267	-0.818274	0.505721	-3.18659e-06
213	-0.961938	0.143665	0.232454	3.75205e-06
214	-0.484442	-0.666777	0.566326	-5.3241e-06
215	0.238677	-0.960966	0.139919	1.73658e-06
216	0.160622	0.221077	-0.961938	6.066e-06
217	0.346153	0.0271544	-0.937785	4.64409e-06
218	-0.809017	-0.262865	0.525731	-6.06519e-07
219	-0.571252	-0.562275	0.597928	-4.95455e-06
220	0.0811419	0.337602	-0.937785	5.07974e-06
221	0.606825	-0.600525	-0.520705	-1.72501e-06
222	0.5	-0.16246	-0.850651	3.23165e-06
223	-0.433888	0.597196	-0.674609	-5.40798e-06
224	0.16246	-0.947214	0.276393	6.52188e-09
225	0.601501	-0.687976	-0.406061	-1.72952e-06
226	0.564254	-0.776629	-0.280114	-1.26949e-06
227	-0.238677	0.554905	-0.79694	-3.07552e-06
228	0.62024	-0.479201	-0.621023	-1.50678e-06
229	-0.358229	-0.717045	0.597928	-3.4887e-06
230	-0.924305	0.0763393	0.373943	1.5158e-06
231	0.513375	-0.846658	-0.140057	-1.10102e-06
232	-0.615642	0.624147	-0.481067	-1.08557e-06
233	-0.702907	0.605052	-0.373943	4.31274e-06
234	-0.647412	-0.441801	0.621023	-3.42584e-06
235	-0.780204	0.570266	-0.257056	9.15224e-06
236	0.296005	0.181495	-0.937785	5.73498e-06
237	-0.137952	-0.842518	0.520705	-3.13101e-06
238	-0.840178	0.52395	-0.139919	1.14025e-05
239	-0.843912	-0.129152	0.520704	-2.81012e-07
240	6.2672e-08	0.447214	-0.894427	2.47764e-06
241	0.45399	-0.891007	0	-9.15191e-07
242	-0.891006	0.453991	0	9.95115e-06
243	0.46843	-0.0122828	-0.883415	3.23799e-06
244	0.62024	-0.341154	-0.70634	3.75392e-07
245	0.375038	-0.919552	0.117349	-7.42286e-07
246	0.0822423	-0.910138	0.406061	-2.29877e-06
247	-0.916244	0.383023	0.11743	7.51966e-06
248	-0.707107	-0.316228	0.632456	-2.04186e-06
249	-0.924305	0.300325	0.235512	5.50219e-06
250	-0.484442	0.666777	-0.566326	-5.34352e-06
251	-0.301259	0.640567	-0.70634	-4.97291e-06
252	0.606825	-0.197169	-0.769992	2.99384e-06
253	0.301259	-0.91824	0.257056	-3.10152e-06
254	-0.915043	0.212056	0.343115	3.18866e-06
255	-0.433889	-0.597196	0.674609	-4.34616e-06
256	0.237086	0.326321	-0.915043	6.23936e-06
257	-0.220117	-0.752249	0.621023	-2.08827e-06
258	-0.862669	0.00703152	0.505721	-2.60529e-07
259	-0.0823235	0.566543	-0.819909	4.79768e-08
260	0.425325	0.138197	-0.894427	4.24213e-06
261	-1.75174e-07	-0.850651	0.525731	-3.71886e-06
262	0.702046	-0.501375	-0.505721	-1.83402e-06
263	-0.516122	-0.48446	0.70634	-3.88898e-06
264	-0.757936	-0.159793	0.632456	-1.37906e-06
265	0.156434	0.441708	-0.883415	5.08768e-06
266	0.70231	-0.592161	-0.395103	-2.21813e-06
267	0.220117	-0.891876	0.395103	-4.20835e-06
268	0.688191	-0.67082	-0.276393	-2.41775e-06
269	0.711282	-0.36954	-0.597928	8.37371e-07
270	0.601501	-0.0555202	-0.79694	3.4377e-06
271	-0.615642	0.709406	-0.343115	3.05396e-06
272	-0.525731	0.723607	-0.447214	-2.20681e-06
273	-0.69378	0.68164	-0.232454	7.88333e-06
274	0.646578	-0.749881	-0.140057	-3.24554e-06
275	-0.864929	0.14308	0.481067	1.8815e-07
276	-0.358229	0.717045	-0.597928	-6.4929e-06
277	-0.301259	-0.640567	0.70634	-2.06078e-06
278	-0.758652	0.64084	-0.117349	1.12231e-05
279	0.371748	0.285273	-0.883415	5.49696e-06
280	-0.587785	-0.361803	0.723607	-1.73555e-06
281	0.587785	-0.809017	0	-3.78625e-06
282	-0.809017	0.587785	0	1.16116e-05
283	-0.0822426	-0.770218	0.632456	-3.94314e-06
284	-0.16246	0.67082	-0.723607	-2.63321e-06
285	0.516122	-0.848427	0.11743	-4.22549e-06
286	0.433888	-0.870463	0.232454	-5.48062e-06
287	-0.843911	0.523491	0.117349	9.02689e-06
288	0.702046	-0.228109	-0.674609	2.66217e-06
289	-0.783452	-0.0231141	0.621023	-1.15789e-06
290	0.137952	-0.842518	0.520705	-4.27289e-06
291	-0.862668	0.449186	0.232454	7.22563e-06
292	0.0823236	0.566543	-0.819909	3.60372e-06
293	0.564254	0.0967772	-0.819909	3.76227e-06
294	-0.864929	0.366292	0.343115	5.18523e-06
295	-0.850651	0.276393	0.447214	2.03224e-06
296	-0.646578	-0.210086	0.733349	3.89134e-07
297	0.358229	-0.855476	0.373943	-6.74962e-06
298	-0.375039	-0.516196	0.769992	-2.90315e-06
299	0.309017	0.425325	-0.850651	5.91092e-06
300	-0.16246	-0.67082	0.723607	-2.75138e-06
301	-0.403355	0.778383	-0.481067	-4.67794e-06
302	0.70231	-0.088568	-0.70634	3.05655e-06
303	0.783843	-0.392638	-0.481067	-5.15922e-07
304	-0.220117	0.75225	-0.621023	-5.98601e-06
305	-0.792649	0.119117	0.597928	-1.11621e-06
306	0.792649	-0.481533	-0.373943	-2.00474e-06
307	0.0822423	-0.770218	0.632456	-4.42653e-06
308	-0.453991	-0.39847	0.79694	-1.18593e-06
309	9.81616e-08	0.679852	-0.733349	7.19552e-07
310	0.513375	0.253366	-0.819909	5.00418e-06
311	0.783452	-0.565797	-0.257056	-2.0827e-06
312	0.273266	-0.818274	0.505721	-6.48231e-06
313	0.783843	-0.254686	-0.566326	2.04586e-06
314	-0.484442	0.804729	-0.343115	-1.07307e-07
315	-0.571252	0.78626	-0.235512	4.80259e-06
316	0.757935	-0.637147	-0.139919	-2.6673e-06
317	-0.688191	-0.0527863	0.723607	-5.22202e-07
318	-0.647412	0.753039	-0.11743	8.66917e-06
319	0.238677	0.554905	-0.79694	5.27506e-06
320	0.707107	-0.707107	0	-3.89438e-06
321	-0.707107	0.707107	0	1.12964e-05
322	-0.238677	-0.554905	0.79694	-3.09411e-06
323	0.647412	-0.753039	0.11743	-5.36832e-06
324	0.688191	0.0527865	-0.723607	3.00658e-06
325	-0.757935	0.637147	0.139919	1.00645e-05
326	0.571252	-0.78626	0.235512	-6.08054e-06
327	0.484442	-0.804729	0.343115	-6.55756e-06
328	-0.783843	0.254686	0.566326	8.28349e-08
329	-0.273266	0.818274	-0.505721	-6.98177e-06
330	-0.783452	0.565796	0.257056	8.79937e-06
331	-0.513376	-0.253366	0.819909	1.35588e-06
332	-1.43467e-07	-0.679852	0.733349	-5.55823e-06
333	0.45399	0.39847	-0.79694	6.42366e-06
334	-0.0822423	0.770218	-0.632456	-3.13525e-06
335	-0.792649	0.481533	0.373943	7.05355e-06
336	0.792649	-0.119117	-0.597928	2.16894e-06
337	0.220117	-0.75225	0.621023	-5.33302e-06
338	-0.783843	0.392638	0.481067	3.33473e-06
339	-0.70231	0.0885681	0.70634	-1.14386e-06
340	0.403355	-0.778383	0.481067	-6.258e-06
341	0.16246	0.67082	-0.723607	3.67165e-06
342	-0.309017	-0.425325	0.850651	-1.63785e-06
343	0.375038	0.516196	-0.769992	5.7749e-06
344	-0.358229	0.855476	-0.373943	-4.29001e-06
345	0.646578	0.210086	-0.733349	4.0664e-06
346	0.850651	-0.276393	-0.447214	1.9996e-07
347	0.864929	-0.366292	-0.343115	-1.3078e-06
348	-0.564254	-0.0967771	0.819909	7.603e-07
349	-0.0823237	-0.566543	0.819909	-6.11685e-06
350	0.862669	-0.449186	-0.232454	-1.86298e-06
351	-0.137952	0.842518	-0.520705	-6.70501e-06
352	0.783452	0.0231142	-0.621023	1.99247e-06
353	-0.702046	0.228109	0.674609	4.62661e-08
354	0.843911	-0.523491	-0.117349	-1.18786e-06
355	-0.433888	0.870463	-0.232454	9.08188e-07
356	-0.516122	0.848427	-0.11743	6.83481e-06
357	0.16246	-0.67082	0.723607	-5.45405e-06
358	0.0822425	0.770218	-0.632456	1.49931e-07
359	0.809017	-0.587785	0	-9.88587e-07
360	-0.587785	0.809017	0	1.01619e-05
361	0.587785	0.361803	-0.723607	5.23763e-06
362	-0.371748	-0.285273	0.883415	1.13735e-06
363	0.758652	-0.64084	0.117349	-2.58944e-06
364	0.301259	0.640567	-0.70634	4.25333e-06
365	0.358229	-0.717045	0.597928	-4.83104e-06
366	0.864929	-0.14308	-0.481067	1.19731e-06
367	-0.646578	0.749881	0.140057	1.06031e-05
368	0.69378	-0.68164	0.232454	-3.42189e-06
369	0.525731	-0.723607	0.447214	-3.97173e-06
370	0.615642	-0.709406	0.343115	-3.43443e-06
371	-0.601501	0.0555203	0.79694	-3.54227e-07
372	-0.711282	0.36954	0.597928	2.2679e-06
373	-0.688191	0.67082	0.276393	8.7801e-06
374	-0.220117	0.891876	-0.395103	-7.20246e-06
375	-0.70231	0.592161	0.395103	8.09482e-06
376	-0.156435	-0.441708	0.883415	-5.87793e-06
377	0.757935	0.159793	-0.632456	2.8451e-06
378	0.516122	0.48446	-0.70634	6.54917e-06
379	-0.702046	0.501375	0.505721	5.64168e-06
380	1.05104e-07	0.850651	-0.525731	-4.2404e-06
381	-0.425325	-0.138197	0.894427	6.8599e-07
382	0.0823235	-0.566543	0.819909	-7.20073e-06
383	0.862668	-0.0070314	-0.505721	2.20466e-06
384	0.220117	0.75225	-0.621023	1.9244e-06
385	-0.237086	-0.326321	0.915043	-1.88707e-06
386	0.433888	0.597196	-0.674609	5.50488e-06
387	0.915043	-0.212056	-0.343115	4.98971e-07
388	-0.301259	0.91824	-0.257056	-3.78622e-06
389	-0.606825	0.197169	0.769992	1.27633e-06
390	0.301259	-0.640567	0.70634	-3.32841e-06
391	0.484442	-0.666777	0.566326	-2.35231e-06
392	0.924305	-0.300325	-0.235512	-7.74476e-08
393	0.707107	0.316228	-0.632456	4.06665e-06
394	0.916244	-0.383023	-0.11743	-9.39834e-08
395	-0.0822423	0.910138	-0.406061	-7.63195e-06
396	-0.375038	0.919552	-0.117349	4.36944e-06
397	-0.62024	0.341154	0.70634	2.47141e-06
398	-0.46843	0.0122829	0.883415	-2.60368e-08
399	0.891006	-0.453991	0	9.99429e-07
400	-0.45399	0.891007	0	8.82155e-06
401	-9.4008e-08	-0.447214	0.894427	-7.5781e-06
402	0.843911	0.129152	-0.520705	3.01301e-06
403	0.840178	-0.52395	0.139919	7.47463e-07
404	0.137952	0.842518	-0.520704	-1.96502e-06
405	-0.296005	-0.181495	0.937785	-8.59676e-07
406	0.780204	-0.570266	0.257056	1.42309e-07
407	0.647412	0.441802	-0.621023	4.02707e-06
408	0.702907	-0.605052	0.373943	5.21803e-07
409	0.615642	-0.624147	0.481067	4.85946e-07
410	-0.513375	0.846658	0.140057	9.64677e-06
411	0.924305	-0.0763392	-0.373943	1.44962e-06
412	0.358229	0.717045	-0.597928	2.79579e-06
413	-0.62024	0.479201	0.621023	4.92149e-06
414	0.238677	-0.554905	0.79694	-3.79601e-06
415	-0.564254	0.776629	0.280114	7.93725e-06
416	-0.601501	0.687976	0.406061	6.74987e-06
417	-0.16246	0.947214	-0.276393	-7.24101e-06
418	0.433888	-0.597196	0.674609	-4.2042e-07
419	-0.5	0.16246	0.850651	1.57515e-06
420	-0.606825	0.600525	0.520705	6.50647e-06
421	-0.0811419	-0.337602	0.937785	-5.12308e-06
422	0.571252	0.562275	-0.597928	4.53382e-06
423	0.809017	0.262866	-0.525731	4.15067e-06
424	-0.346153	-0.0271543	0.937785	-6.85146e-07
425	-0.160622	-0.221077	0.961938	-2.78356e-06
426	-0.238677	0.960966	-0.139919	-1.14979e-06
427	0.484442	0.666777	-0.566326	3.41512e-06
428	0.961938	-0.143665	-0.232454	1.59132e-06
429	0.273267	0.818274	-0.505721	-1.22082e-07
430	-0.519258	0.308637	0.79694	2.73597e-06
431	0.0822425	0.910138	-0.406061	-6.3645e-06
432	0.916244	0.0662611	-0.395103	2.42052e-06
433	0.156434	-0.441708	0.883415	-3.99833e-06
434	0.571252	-0.562275	0.597928	2.82331e-06
435	0.966393	-0.228682	-0.11743	2.17773e-06
436	0.375038	-0.516196	0.769992	1.29461e-06
437	0.758652	0.391553	-0.520705	3.83088e-06
438	0.951057	-0.309017	0	2.31308e-06
439	-0.309017	0.951057	0	4.263e-06
440	-0.525731	0.447214	0.723607	3.84378e-06
441	-0.383614	0.124644	0.915043	2.74307e-07
442	0.912982	-0.383206	0.140057	2.93115e-06
443	0.850651	-0.447214	0.276393	3.26271e-06
444	1.28365e-07	0.959967	-0.280114	-9.42126e-06
445	0.0811418	-0.337602	0.937785	-2.37905e-06
446	-0.371748	0.917729	0.139919	4.36094e-06
447	0.69378	-0.512752	0.505721	4.89557e-06
448	0.891006	0.203031	-0.406061	3.12573e-06
449	-0.519258	0.574779	0.632456	5.24217e-06
450	0.780204	-0.484949	0.395103	3.32549e-06
451	-0.213023	-0.0692153	0.974592	-1.84638e-06
452	0.403355	0.778382	-0.481067	4.50668e-07
453	0.69378	0.512752	-0.505721	2.12907e-06
454	0.966393	-0.00276233	-0.257056	1.18418e-06
455	-0.425325	0.861803	0.276393	4.66518e-06
456	-0.5	0.688191	0.525731	4.70766e-06
457	0.220117	0.891876	-0.395103	-4.22205e-06
458	-0.46843	0.784658	0.406061	3.88873e-06
459	0.309017	-0.425325	0.850651	2.26304e-06
460	0.516122	-0.484461	0.70634	4.87486e-06
461	-4.52916e-08	-0.223985	0.974592	-1.46231e-06
462	0.615642	0.624147	-0.481067	1.12563e-06
463	-0.386187	0.265399	0.883415	8.97894e-07
464	-0.0823234	0.986715	-0.140057	-7.24346e-06
465	-0.259892	0.084444	0.961938	-7.9087e-07
466	0.840178	0.359465	-0.406061	2.82794e-06
467	-0.0810863	-0.111606	0.990439	-1.39888e-06
468	0.990439	-0.0725258	-0.117349	2.06838e-06
469	0.525731	0.723607	-0.447214	-1.3851e-07
470	0.951057	0.138197	-0.276393	2.15914e-06
471	0.237086	-0.326321	0.915043	3.43935e-06
472	0.647412	-0.441802	0.621023	8.22509e-06
473	-0.399607	0.409955	0.819909	1.62955e-06
474	0.987688	-0.156435	0	3.56342e-06
475	-0.156434	0.987688	0	-2.05584e-06
476	0.16246	0.947214	-0.276393	-9.24459e-06
477	0.358229	0.855476	-0.373943	-2.48315e-06
478	-0.237086	0.964375	0.117349	-2.20652e-07
479	0.45399	-0.39847	0.79694	6.4996e-06
480	0.780204	0.484949	-0.395103	5.9266e-07
481	0.963861	-0.226617	0.140057	4.73466e-06
482	-0.296005	0.919948	0.257056	-4.15404e-07
483	-0.399607	0.550012	0.733349	1.85603e-06
484	0.840178	-0.359465	0.406061	5.34982e-06
485	0.758652	-0.391553	0.520705	6.38033e-06
486	0.912982	-0.296646	0.280115	5.81957e-06
487	-0.264083	0.225432	0.937785	-1.19453e-06
488	-0.383614	0.762697	0.520705	1.37714e-07
489	-0.346153	0.850924	0.395103	-6.17248e-07
490	0.160622	-0.221077	0.961938	3.07217e-06
491	-0.1312	0.0426296	0.990439	-1.15062e-06
492	0.987688	0.0699596	-0.139919	1.48427e-06
493	-0.386187	0.671461	0.632456	7.95554e-07
494	0.0823237	0.986715	-0.140057	-1.21155e-05
495	0.912982	0.296646	-0.280114	2.56278e-06
496	0.702907	0.605052	-0.373943	-1.2529e-06
497	0.484442	0.804729	-0.343115	-2.50629e-06
498	0.587785	-0.361804	0.723607	9.41249e-06
499	0.0810863	-0.111606	0.990439	1.6117e-06
500	0.301259	0.91824	-0.257056	-7.72256e-06
501	0.371748	-0.285273	0.883415	7.63081e-06
502	0.615642	0.709406	-0.343115	-2.13393e-06
503	-0.262866	0.361803	0.894427	-2.13919e-06
504	1	-5.25521e-08	0	2.77351e-06
505	0	0	1	2.76092e-07
506	1.25344e-07	1	0	-9.92737e-06
507	0.850651	0.447214	-0.276393	-3.80468e-07
508	0.707107	-0.316228	0.632456	8.85253e-06
509	-0.131655	0.181208	0.974592	-2.04013e-06
510	-0.0811417	0.989761	0.11743	-5.91838e-06
511	-0.160622	0.959253	0.232454	-4.13227e-06
512	0.963861	0.226617	-0.140057	1.30338e-06
513	0.296005	-0.181495	0.937785	7.32687e-06
514	0.987688	-0.0699597	0.139919	4.75211e-06
515	0.238677	0.960966	-0.139919	-1.26857e-05
516	-0.266405	0.506732	0.819909	-2.90481e-06
517	-0.213023	0.902656	0.373943	-3.94865e-06
518	-0.259892	0.822619	0.505721	-3.72218e-06
519	0.809017	-0.262866	0.525731	7.07288e-06
520	0.433888	0.870463	-0.232454	-6.03209e-06
521	0.513375	-0.253366	0.819909	9.30719e-06
522	0.951057	-0.138197	0.276393	5.99696e-06
523	0.780204	0.570266	-0.257056	-3.13508e-06
524	0.891006	-0.203031	0.406061	6.5675e-06
525	-0.264083	0.737964	0.621023	-4.17888e-06
526	-0.262866	0.638197	0.723607	-3.56704e-06
527	0.213023	-0.0692154	0.974592	5.02764e-06
528	0.571252	0.78626	-0.235512	-4.19231e-06
529	-0.132792	0.32082	0.937785	-2.96981e-06
530	1.91851e-08	0.137952	0.990439	-1.38945e-06
531	0.69378	0.68164	-0.232454	-4.24306e-06
532	0.987688	0.156434	0	2.1919e-06
533	0.156435	0.987688	0	-1.54941e-05
534	0.912982	0.383206	-0.140057	-1.24184e-06
535	0.1312	0.0426296	0.990439	2.10724e-06
536	0.646578	-0.210086	0.733349	9.15114e-06
537	0.375039	0.919552	-0.117349	-1.06707e-05
538	0.990439	0.0725257	0.117349	3.9225e-06
539	0.425325	-0.138197	0.894427	8.91418e-06
540	0.0811419	0.989761	0.11743	-1.325e-05
541	-0.0810861	0.935787	0.343115	-6.73512e-06
542	-0.133071	0.449299	0.883415	-5.26232e-06
543	1.20777e-07	0.971871	0.235512	-9.57968e-06
544	-0.1312	0.866811	0.481067	-4.54535e-06
545	0.840178	0.52395	-0.139919	-2.57424e-06
546	0.966393	0.00276223	0.257056	5.28053e-06
547	0.757935	-0.159793	0.632456	8.63806e-06
548	2.0631e-08	0.273266	0.961938	-2.32048e-06
549	0.843911	-0.129152	0.520705	8.02841e-06
550	0.916244	-0.0662612	0.395103	6.1168e-06
551	0.516122	0.848427	-0.11743	-7.28668e-06
552	-0.133071	0.589218	0.79694	-5.96983e-06
553	0.346153	-0.0271544	0.937785	7.35885e-06
554	-0.131655	0.790663	0.597928	-6.56029e-06
555	0.951056	0.309017	0	-1.17885e-06
556	0.309017	0.951057	0	-1.4671e-05
557	-0.132792	0.695305	0.70634	-7.73249e-06
558	0.758652	0.64084	-0.117349	-4.71008e-06
559	0.647412	0.753039	-0.11743	-6.48871e-06
560	0.564254	-0.0967773	0.819909	8.26479e-06
561	0.131655	0.181208	0.974592	-4.99892e-07
562	0.259892	0.0844439	0.961938	3.70512e-06
563	0.966393	0.228682	0.11743	2.43286e-06
564	3.04525e-08	0.403355	0.915043	-4.22408e-06
565	0.237086	0.964375	0.117349	-1.55534e-05
566	0.961938	0.143665	0.232454	4.33537e-06
567	6.75274e-08	0.894427	0.447214	-5.40403e-06
568	0.891007	0.45399	0	-2.25181e-06
569	0.453991	0.891006	0	-1.05025e-05
570	0.160622	0.959253	0.232454	-1.26201e-05
571	0.688191	-0.0527865	0.723607	7.93082e-06
572	0.0810864	0.935787	0.343115	-9.43415e-06
573	0.46843	0.0122828	0.883415	6.74222e-06
574	0.924305	0.0763391	0.373943	5.40078e-06
575	0.862668	0.0070313	0.505721	6.86317e-06
576	7.31139e-08	0.525731	0.850651	-5.86358e-06
577	0.783452	-0.0231143	0.621023	8.24324e-06
578	1.1462e-07	0.824181	0.566326	-5.19093e-06
579	0.132793	0.32082	0.937785	-2.36448e-06
580	0.587785	0.809017	0	-8.17941e-06
581	0.809017	0.587785	0	-2.45331e-06
582	4.81717e-08	0.638054	0.769992	-7.41903e-06
583	5.57307e-08	0.738175	0.674609	-8.86529e-06
584	0.707107	0.707107	0	-6.42789e-06
585	0.916244	0.383023	0.11743	-5.06099e-07
586	0.383614	0.124644	0.915043	3.74231e-06
587	0.264083	0.225432	0.937785	6.66533e-07
588	0.371748	0.917729	0.139919	-1.29696e-05
589	0.601501	0.0555202	0.79694	6.573e-06
590	0.924305	0.300325	0.235512	2.97667e-06
591	0.133071	0.449299	0.883415	-4.24694e-06
592	0.915043	0.212056	0.343115	5.11381e-06
593	0.296005	0.919948	0.257056	-1.14797e-05
594	0.1312	0.866811	0.481067	-5.19277e-06
595	0.843912	0.523491	0.117349	-8.90919e-07
596	0.864929	0.14308	0.481067	6.05354e-06
597	0.213023	0.902656	0.373943	-8.85719e-06
598	0.70231	0.0885679	0.70634	7.77164e-06
599	0.513375	0.846658	0.140057	-8.5628e-06
600	0.792649	0.119117	0.597928	6.95522e-06
601	0.5	0.16246	0.850651	3.52633e-06
602	0.262866	0.361803	0.894427	-4.67685e-07
603	0.133071	0.589218	0.79694	-5.90139e-06
604	0.131655	0.790663	0.597928	-5.2887e-06
605	0.132793	0.695305	0.70634	-7.52607e-06
606	0.386187	0.265399	0.883415	1.56756e-06
607	0.757936	0.637147	0.139919	-1.77148e-06
608	0.646578	0.749881	0.140057	-5.02518e-06
609	0.862669	0.449186	0.232454	1.1093e-06
610	0.425325	0.861803	0.276393	-8.2103e-06
611	0.606825	0.197169	0.769992	5.95913e-06
612	0.850651	0.276393	0.447214	5.16547e-06
613	0.864929	0.366292	0.343115	3.69147e-06
614	0.259892	0.822619	0.505721	-4.88407e-06
615	0.346153	0.850924	0.395103	-6.51568e-06
616	0.266405	0.506732	0.819909	-2.71285e-06
617	0.702046	0.228109	0.674609	7.13593e-06
618	0.783843	0.254686	0.566326	5.31259e-06
619	0.783452	0.565796	0.257056	1.57579e-06
620	0.564254	0.776629	0.280114	-4.27049e-06
621	0.264083	0.737964	0.621023	-5.04691e-06
622	0.262866	0.638197	0.723607	-5.93223e-06
623	0.519258	0.308636	0.79694	2.61721e-06
624	0.399607	0.409955	0.819909	3.81293e-07
625	0.688191	0.67082	0.276393	-1.00272e-07
626	0.792649	0.481533	0.373943	3.15837e-06
627	0.783843	0.392638	0.481067	3.39042e-06
628	0.46843	0.784658	0.406061	-3.75824e-06
629	0.383614	0.762697	0.520705	-2.55948e-06
630	0.62024	0.341154	0.70634	5.48818e-06
631	0.711282	0.36954	0.597928	4.74076e-06
632	0.399607	0.550012	0.733349	-3.05022e-06
633	0.70231	0.592161	0.395103	1.84769e-06
634	0.386187	0.671461	0.632456	-3.32432e-06
635	0.601501	0.687976	0.406061	-1.93043e-06
636	0.525731	0.447214	0.723607	1.92311e-06
637	0.702046	0.501375	0.505721	3.56196e-06
638	0.5	0.688191	0.525731	-7.26868e-07
639	0.62024	0.479201	0.621023	4.88596e-06
640	0.519259	0.574779	0.632456	1.25115e-06
641	0.606825	0.600525	0.520705	1.79004e-06
